1 3 2 4 5

8 6 4 4 1

4
6 8 9 11 10

13 16 19 22 24 25 25

43 46 47 48 50 52 56

55 57 60 61 64 65 68 74

70 73 74 72 77

78 80 81 81 83

52 49 53 55 57 60 62

13 13 15 17 18 19 21

83 87 89 90 93 96 99

57 63 66 68 70

68 65 63 61 59 60

25 24 21 20 20

71 69 66 65 62 58

77 76 73 71 64

83 80 81 79 78 75

12 10 7 7 5 4 2

79 81 78 75 72 70 67 65

82 85 87 85 88

25 28 24 21 19 16

45 45 44 43 42

66 62 59 56 55 53

84 80 82 80 78 76

49 43 41 39 38 37 35

49 44 46 44 41

13 15 18 21 19

20 22 23 26 29 29

41 43 46 49 53

27 30 31 32 39

18 21 23 22 23 26 28

76 78 80 77 81

13 16 17 17 20 21

12 10 15 17 19 20

58 58 61 62 64 66 68

77 81 83 84 86 89 91

22 27 30 31 33 36 39 42

56 53 52 51 50 48 51

11 9 6 3 3

42 39 36 35 31

67 64 62 60 54

97 96 94 92 93 89

40 37 37 34 31

40 39 38 37 33 35

53 53 51 49 47 44 42 39

82 78 76 73 70 69 68

27 21 18 16 14

48 49 50 51 49

48 51 52 53 54 56 56

61 64 67 70 74

14 17 20 23 29

59 61 63 65 62 66

20 22 22 25 28 31

74 76 78 84 81

62 60 61 59 58

81 81 84 87 90 93 95 97

47 51 53 54 55

44 48 46 48 50 52

45 52 54 56 58 60

20 18 16 15 16

37 34 33 32 31 30 30

50 49 46 45 42 38

61 58 55 53 51 48 43

11 8 8 5 2

59 61 58 57 55 54

48 48 47 44 41 40

39 35 33 31 30 28 25

40 35 32 31 28 25

82 80 78 76 72 74

90 92 92 93 94